At time 1760071341.958855523
- Translation: [0.001, -0.000, 0.000]
- Rotation: in Quaternion [0.000, 0.000, 0.968, 0.249]
- Rotation: in RPY (radian) [0.000, -0.000, 2.638]
- Rotation: in RPY (degree) [0.000, -0.000, 151.137]
- Matrix:
 -0.876 -0.483  0.000  0.001
  0.483 -0.876  0.000 -0.000
  0.000  0.000  1.000  0.000
  0.000  0.000  0.000  1.000
At time 1760071342.951588389
- Translation: [0.000, -0.000, 0.000]
- Rotation: in Quaternion [0.000, 0.000, 0.968, 0.249]
- Rotation: in RPY (radian) [0.000, -0.000, 2.637]
- Rotation: in RPY (degree) [0.000, -0.000, 151.113]
- Matrix:
 -0.876 -0.483  0.000  0.000
  0.483 -0.876  0.000 -0.000
  0.000  0.000  1.000  0.000
  0.000  0.000  0.000  1.000
At time 1760071343.959357381
- Translation: [-0.960, -0.000, 0.000]
- Rotation: in Quaternion [0.000, 0.000, 0.968, 0.250]
- Rotation: in RPY (radian) [0.000, -0.000, 2.637]
- Rotation: in RPY (degree) [0.000, -0.000, 151.093]
- Matrix:
 -0.875 -0.483  0.000 -0.960
  0.483 -0.875  0.000 -0.000
  0.000  0.000  1.000  0.000
  0.000  0.000  0.000  1.000
At time 1760071344.951914423
- Translation: [-2.987, 0.452, 0.000]
- Rotation: in Quaternion [0.000, 0.000, 0.361, 0.933]
- Rotation: in RPY (radian) [0.000, -0.000, 0.738]
- Rotation: in RPY (degree) [0.000, -0.000, 42.307]
- Matrix:
  0.740 -0.673  0.000 -2.987
  0.673  0.740  0.000  0.452
  0.000  0.000  1.000  0.000
  0.000  0.000  0.000  1.000
At time 1760071345.958203664
- Translation: [-3.575, 0.465, 0.000]
- Rotation: in Quaternion [0.000, 0.000, -0.054, 0.999]
- Rotation: in RPY (radian) [0.000, 0.000, -0.108]
- Rotation: in RPY (degree) [0.000, 0.000, -6.186]
- Matrix:
  0.994  0.108  0.000 -3.575
 -0.108  0.994 -0.000  0.465
 -0.000  0.000  1.000  0.000
  0.000  0.000  0.000  1.000
At time 1760071346.949730064
- Translation: [0.626, 2.053, 0.000]
- Rotation: in Quaternion [0.000, 0.000, -0.811, 0.585]
- Rotation: in RPY (radian) [0.000, 0.000, -1.892]
- Rotation: in RPY (degree) [0.000, 0.000, -108.422]
- Matrix:
 -0.316  0.949  0.000  0.626
 -0.949 -0.316 -0.000  2.053
 -0.000  0.000  1.000  0.000
  0.000  0.000  0.000  1.000
At time 1760071347.959642805
- Translation: [0.545, 0.914, 0.000]
- Rotation: in Quaternion [0.000, 0.000, 0.873, -0.488]
- Rotation: in RPY (radian) [0.000, -0.000, -2.123]
- Rotation: in RPY (degree) [0.000, -0.000, -121.632]
- Matrix:
 -0.524  0.851  0.000  0.545
 -0.851 -0.524  0.000  0.914
  0.000  0.000  1.000  0.000
  0.000  0.000  0.000  1.000
At time 1760071348.951421147
- Translation: [0.268, 0.456, 0.000]
- Rotation: in Quaternion [0.000, 0.000, 0.870, -0.494]
- Rotation: in RPY (radian) [0.000, -0.000, -2.109]
- Rotation: in RPY (degree) [0.000, -0.000, -120.818]
- Matrix:
 -0.512  0.859  0.000  0.268
 -0.859 -0.512  0.000  0.456
  0.000  0.000  1.000  0.000
  0.000  0.000  0.000  1.000
At time 1760071350.8208263
- Translation: [0.127, 0.217, 0.000]
- Rotation: in Quaternion [0.000, 0.000, 0.868, -0.497]
- Rotation: in RPY (radian) [0.000, -0.000, -2.101]
- Rotation: in RPY (degree) [0.000, -0.000, -120.402]
- Matrix:
 -0.506  0.862  0.000  0.127
 -0.862 -0.506  0.000  0.217
  0.000  0.000  1.000  0.000
  0.000  0.000  0.000  1.000
At time 1760071350.967101480
- Translation: [0.065, 0.111, 0.000]
- Rotation: in Quaternion [0.000, 0.000, 0.867, -0.498]
- Rotation: in RPY (radian) [0.000, -0.000, -2.098]
- Rotation: in RPY (degree) [0.000, -0.000, -120.221]
- Matrix:
 -0.503  0.864  0.000  0.065
 -0.864 -0.503  0.000  0.111
  0.000  0.000  1.000  0.000
  0.000  0.000  0.000  1.000
At time 1760071351.990441980
- Translation: [0.031, 0.054, 0.000]
- Rotation: in Quaternion [0.000, 0.000, 0.867, -0.499]
- Rotation: in RPY (radian) [0.000, -0.000, -2.097]
- Rotation: in RPY (degree) [0.000, -0.000, -120.127]
- Matrix:
 -0.502  0.865  0.000  0.031
 -0.865 -0.502  0.000  0.054
  0.000  0.000  1.000  0.000
  0.000  0.000  0.000  1.000
At time 1760071353.31276038
- Translation: [0.015, 0.026, 0.000]
- Rotation: in Quaternion [0.000, 0.000, 0.866, -0.499]
- Rotation: in RPY (radian) [0.000, -0.000, -2.096]
- Rotation: in RPY (degree) [0.000, -0.000, -120.079]
- Matrix:
 -0.501  0.865  0.000  0.015
 -0.865 -0.501  0.000  0.026
  0.000  0.000  1.000  0.000
  0.000  0.000  0.000  1.000
At time 1760071353.958165294
- Translation: [0.008, 0.014, 0.000]
- Rotation: in Quaternion [0.000, 0.000, 0.866, -0.500]
- Rotation: in RPY (radian) [0.000, -0.000, -2.095]
- Rotation: in RPY (degree) [0.000, -0.000, -120.060]
- Matrix:
 -0.501  0.865  0.000  0.008
 -0.865 -0.501  0.000  0.014
  0.000  0.000  1.000  0.000
  0.000  0.000  0.000  1.000
At time 1760071354.950645582
- Translation: [0.004, 0.007, 0.000]
- Rotation: in Quaternion [0.000, 0.000, 0.866, -0.500]
- Rotation: in RPY (radian) [0.000, -0.000, -2.095]
- Rotation: in RPY (degree) [0.000, -0.000, -120.051]
- Matrix:
 -0.501  0.866  0.000  0.004
 -0.866 -0.501  0.000  0.007
  0.000  0.000  1.000  0.000
  0.000  0.000  0.000  1.000
At time 1760071355.959011518
- Translation: [0.002, 0.003, 0.000]
- Rotation: in Quaternion [0.000, 0.000, 0.866, -0.500]
- Rotation: in RPY (radian) [0.000, -0.000, -2.095]
- Rotation: in RPY (degree) [0.000, -0.000, -120.042]
- Matrix:
 -0.501  0.866  0.000  0.002
 -0.866 -0.501  0.000  0.003
  0.000  0.000  1.000  0.000
  0.000  0.000  0.000  1.000
At time 1760071356.951411260
- Translation: [0.001, 0.002, 0.000]
- Rotation: in Quaternion [0.000, 0.000, 0.866, -0.500]
- Rotation: in RPY (radian) [0.000, -0.000, -2.095]
- Rotation: in RPY (degree) [0.000, -0.000, -120.043]
- Matrix:
 -0.501  0.866  0.000  0.001
 -0.866 -0.501  0.000  0.002
  0.000  0.000  1.000  0.000
  0.000  0.000  0.000  1.000
At time 1760071357.959256518
- Translation: [0.000, 0.001, 0.000]
- Rotation: in Quaternion [0.000, 0.000, 0.866, -0.500]
- Rotation: in RPY (radian) [0.000, -0.000, -2.095]
- Rotation: in RPY (degree) [0.000, -0.000, -120.039]
- Matrix:
 -0.501  0.866  0.000  0.000
 -0.866 -0.501  0.000  0.001
  0.000  0.000  1.000  0.000
  0.000  0.000  0.000  1.000
At time 1760071358.950676060
- Translation: [0.000, 0.000, 0.000]
- Rotation: in Quaternion [0.000, 0.000, 0.866, -0.499]
- Rotation: in RPY (radian) [0.000, -0.000, -2.096]
- Rotation: in RPY (degree) [0.000, -0.000, -120.071]
- Matrix:
 -0.501  0.865  0.000  0.000
 -0.865 -0.501  0.000  0.000
  0.000  0.000  1.000  0.000
  0.000  0.000  0.000  1.000
At time 1760071359.958400201
- Translation: [0.000, 0.000, 0.000]
- Rotation: in Quaternion [0.000, 0.000, 0.867, -0.499]
- Rotation: in RPY (radian) [0.000, -0.000, -2.097]
- Rotation: in RPY (degree) [0.000, -0.000, -120.137]
- Matrix:
 -0.502  0.865  0.000  0.000
 -0.865 -0.502  0.000  0.000
  0.000  0.000  1.000  0.000
  0.000  0.000  0.000  1.000
At time 1760071360.951259926
- Translation: [0.000, 0.000, 0.000]
- Rotation: in Quaternion [0.000, 0.000, 0.866, -0.500]
- Rotation: in RPY (radian) [0.000, -0.000, -2.095]
- Rotation: in RPY (degree) [0.000, -0.000, -120.051]
- Matrix:
 -0.501  0.866  0.000  0.000
 -0.866 -0.501  0.000  0.000
  0.000  0.000  1.000  0.000
  0.000  0.000  0.000  1.000
At time 1760071361.953958488
- Translation: [-0.000, -0.000, 0.000]
- Rotation: in Quaternion [0.000, 0.000, -0.859, 0.513]
- Rotation: in RPY (radian) [0.000, 0.000, -2.065]
- Rotation: in RPY (degree) [0.000, 0.000, -118.326]
- Matrix:
 -0.474  0.880  0.000 -0.000
 -0.880 -0.474 -0.000 -0.000
 -0.000  0.000  1.000  0.000
  0.000  0.000  0.000  1.000
At time 1760071362.962407776
- Translation: [-0.000, -0.000, 0.000]
- Rotation: in Quaternion [0.000, 0.000, 0.122, 0.993]
- Rotation: in RPY (radian) [0.000, -0.000, 0.244]
- Rotation: in RPY (degree) [0.000, -0.000, 13.958]
- Matrix:
  0.970 -0.241  0.000 -0.000
  0.241  0.970  0.000 -0.000
  0.000  0.000  1.000  0.000
  0.000  0.000  0.000  1.000
At time 1760071363.955624170
- Translation: [-0.000, -0.000, 0.000]
- Rotation: in Quaternion [0.000, 0.000, 0.613, 0.790]
- Rotation: in RPY (radian) [0.000, -0.000, 1.319]
- Rotation: in RPY (degree) [0.000, -0.000, 75.592]
- Matrix:
  0.249 -0.969  0.000 -0.000
  0.969  0.249  0.000 -0.000
  0.000  0.000  1.000  0.000
  0.000  0.000  0.000  1.000
